1.24 1.95 0.47 0.03 0.37 1.40 0.03 1.22 0.57 1.31
0.06 2.00 1.06 6.00 1.69 10.00 0.12 14.00 1.73 18.00
0.93 4.00 1.35 12.00 1.42 20.00 1.99 28.00 1.49 36.00
1.55 6.00 1.13 18.00 1.96 30.00 0.09 42.00 1.52 54.00
0.76 8.00 0.66 24.00 0.49 40.00 1.32 56.00 0.10 72.00
1.76 10.00 0.83 30.00 1.20 50.00 0.76 70.00 0.40 90.00
1.06 12.00 0.10 36.00 1.94 60.00 0.53 84.00 1.86 108.00
0.78 14.00 0.92 42.00 0.61 70.00 0.58 98.00 0.55 126.00
0.78 16.00 1.11 48.00 1.18 80.00 1.34 112.00 1.53 144.00
0.86 18.00 0.79 54.00 1.42 90.00 0.89 126.00 1.31 162.00
